99
6 2 0 2 0 2 0
3 1 0 2 0 0 0
1000 334 0 333 0 333 0
40 17 0 8 0 15 0
293 83 0 134 0 76 0
453 209 0 189 0 55 0
252 95 0 54 0 103 0
621 187 0 167 0 267 0
508 153 0 139 0 216 0
929 395 0 207 0 327 0
4 1 0 2 0 1 0
710 325 0 143 0 242 0
264 102 0 108 0 54 0
345 143 0 72 0 130 0
4 1 0 1 0 2 0
100 50 0 29 0 21 0
293 122 0 131 0 40 0
727 313 0 130 0 284 0
76 33 0 5 0 38 0
1000 500 0 499 0 1 0
999 249 0 250 0 500 0
926 193 0 425 0 308 0
947 364 0 445 0 138 0
755 340 0 349 0 66 0
509 188 0 238 0 83 0
933 252 0 460 0 221 0
5 1 0 1 0 3 0
118 26 0 58 0 34 0
583 278 0 244 0 61 0
562 148 0 258 0 156 0
207 14 0 101 0 92 0
716 189 0 194 0 333 0
347 152 0 128 0 67 0
185 76 0 50 0 59 0
563 96 0 278 0 189 0
155 57 0 55 0 43 0
989 485 0 332 0 172 0
123 50 0 34 0 39 0
4 0 0 2 0 2 0
383 16 0 176 0 191 0
148 10 0 72 0 66 0
90 45 0 35 0 10 0
6 1 0 3 0 2 0
377 8 0 111 0 258 0
456 186 0 137 0 133 0
918 249 0 296 0 373 0
37 0 0 0 0 37 0
5 0 0 3 0 2 0
1000 250 0 250 0 500 0
918 330 0 327 0 261 0
466 139 0 187 0 140 0
129 109 0 1 0 19 0
590 572 0 18 0 0 0
999 333 0 333 0 333 0
4 2 0 1 0 1 0
599 182 0 25 0 392 0
484 160 0 211 0 113 0
1000 500 0 0 0 500 0
989 419 0 374 0 196 0
7 3 0 2 0 2 0
408 178 0 74 0 156 0
340 156 0 169 0 15 0
3 0 0 0 0 3 0
999 499 0 250 0 250 0
1000 499 0 501 0 0 0
15 8 0 0 0 7 0
437 129 0 135 0 173 0
445 8 0 220 0 217 0
999 499 0 499 0 1 0
876 61 0 412 0 403 0
971 640 0 245 0 86 0
681 143 0 214 0 324 0
401 19 0 200 0 182 0
5 1 0 2 0 2 0
459 219 0 147 0 93 0
598 281 0 36 0 281 0
244 113 0 42 0 89 0
249 109 0 120 0 20 0
292 92 0 135 0 65 0
334 128 0 136 0 70 0
982 356 0 182 0 444 0
4 0 0 3 0 1 0
472 208 0 46 0 218 0
499 209 0 129 0 161 0
984 128 0 48 0 808 0
56 26 0 26 0 4 0
999 499 0 500 0 0 0
56 16 0 16 0 24 0
3 2 0 0 0 1 0
6 0 0 3 0 3 0
726 233 0 280 0 213 0
511 180 0 128 0 203 0
483 124 0 208 0 151 0
574 222 0 252 0 100 0
659 47 0 320 0 292 0
235 147 0 9 0 79 0
65 46 0 10 0 9 0
3 1 0 1 0 1 0
969 444 0 415 0 110 0
